exm = [456 468 873 2 579 55
    21 687 54 488 8 13
    65 4567 88 98 21 5
    456 68 4589 654 5 987
    5488 10 9 6 33 77]